2.85495	-1.90512	-0.0922618
2.85495	-1.73916	-0.299413
3.04471	-1.63124	-0.299413
3.12883	-1.63124	-0.231611
3.12883	-1.79667	-0.0255294
2.98132	-1.90512	-0.0255294
3.12883	-1.8063	0.248354
3.02331	-1.90512	0.248354
3.12883	-1.74531	0.522237
2.9305	-1.90512	0.522237
2.85495	-1.90512	0.671349
3.12883	-1.68701	0.796121
2.85495	-1.87236	0.796121
3.12883	-1.63124	0.974653
3.08162	-1.63124	1.07
2.85495	-1.77019	1.07
2.94334	-1.63124	1.34389
2.85495	-1.68406	1.34389
2.85495	-1.63124	1.50183
3.12883	-1.45298	1.34389
3.12883	-1.35736	1.4141
2.919	-1.35736	1.61777
2.85495	-1.47009	1.61777
2.85495	-1.35736	1.65776
3.01716	-1.08347	1.61777
2.85495	-1.08347	1.80246
3.12816	-0.80959	1.61777
2.88744	-0.80959	1.89165
2.85495	-0.873915	1.89165
2.85495	-0.80959	1.9287
3.06424	-0.535707	1.89165
2.85495	-0.535707	2.12983
3.04337	-0.261823	1.89165
2.85495	-0.261823	2.10603
3.12883	-0.535707	1.81797
3.12883	-0.261823	1.79443
3.12883	0.0120602	1.84552
3.08831	0.0120602	1.89165
3.12883	0.130413	1.89165
2.85495	0.0120602	2.15738
3.12883	0.285944	2.04665
3.02438	0.285944	2.16554
2.85495	0.0557906	2.16554
2.85495	0.285944	2.33337
3.12883	0.437997	2.16554
3.12883	0.559827	2.40104
3.11612	0.559827	2.43942
2.85495	0.353211	2.43942
2.961	0.559827	2.7133
2.85495	0.511282	2.7133
2.85495	0.559827	2.78886
3.12883	0.743709	2.7133
3.12883	0.83371	2.77068
2.85495	0.83371	2.8362
3.12883	1.10759	2.79207
2.85495	1.10759	2.86563
3.12883	1.38108	2.7133
3.12575	1.38148	2.7133
2.85495	1.38148	2.86001
3.12883	1.38148	2.70087
3.12883	1.65536	2.50268
2.94361	1.65536	2.7133
2.85495	1.92924	2.5896
2.85495	1.69508	2.7133
3.12883	1.78468	2.43942
3.05381	1.92924	2.43942
2.85495	1.65536	2.74313
2.72563	1.65536	2.7133
2.58106	1.38148	2.81534
2.58106	1.60441	2.7133
2.58106	1.65536	2.69819
2.30718	1.65536	2.63507
2.30718	1.4779	2.7133
2.58106	1.92924	2.54467
2.30718	1.92924	2.49973
2.58106	2.12409	2.43942
2.30718	2.06926	2.43942
2.30718	2.20313	2.34621
2.58106	2.20313	2.39114
2.58106	2.44933	2.16554
2.30718	2.46377	2.16554
2.30718	2.47701	2.15631
2.58106	2.47701	2.10817
2.58106	2.61997	1.89165
2.30718	2.6748	1.89165
2.30718	2.75089	1.76875
2.58106	2.75089	1.6829
2.58106	2.77617	1.61777
2.30718	2.87272	1.61777
2.30718	3.02063	1.34389
2.58106	2.97811	1.34389
2.30718	3.02478	1.30176
2.58106	3.02478	1.25549
2.58106	3.07573	1.07
2.30718	3.1105	1.07
2.30718	3.14688	0.796121
2.58106	3.11184	0.796121
2.30718	3.11157	0.522237
2.58106	3.05861	0.522237
2.30718	3.12976	0.248354
2.58106	3.07707	0.248354
2.30718	3.03374	-0.0255294
2.58106	3.02478	0.0436101
2.41243	3.02478	-0.0255294
2.30718	3.02478	-0.034757
2.58106	2.98773	-0.0255294
2.58106	2.75089	-0.25167
2.45388	2.75089	-0.299413
2.30718	2.80827	-0.299413
2.30718	2.75089	-0.351702
2.30718	2.47701	-0.490249
2.58106	2.68363	-0.299413
2.58106	2.47701	-0.408137
2.30718	2.20313	-0.55551
2.58106	2.20313	-0.473666
2.58106	1.92924	-0.52074
2.35492	1.92924	-0.573296
2.30718	2.02005	-0.573296
2.30718	1.92924	-0.602584
2.30718	1.65536	-0.649657
2.55739	1.65536	-0.573296
2.30718	1.38148	-0.715186
2.58106	1.64506	-0.573296
2.58106	1.38148	-0.633075
2.58106	1.65536	-0.567813
2.85495	1.65536	-0.504157
2.85495	1.38148	-0.569418
2.83823	1.38148	-0.573296
2.85495	1.92924	-0.457083
3.12883	1.92924	-0.374972
3.12883	1.80019	-0.299413
3.06022	1.65536	-0.299413
3.12883	1.65536	-0.177048
3.12883	1.65175	-0.0255294
2.88504	1.38148	-0.0255294
2.93211	1.38148	-0.299413
3.12883	1.65536	0.124384
3.1073	1.65536	0.248354
2.90563	1.38148	0.248354
3.08269	1.65536	0.522237
2.99416	1.38148	0.522237
3.12883	1.38148	0.774323
3.12602	1.65536	0.796121
3.12883	1.40221	0.796121
3.12883	1.65536	0.819524
3.12883	1.68625	0.796121
3.23354	1.92924	0.796121
3.1961	1.92924	1.07
3.21455	1.65536	1.07
3.40271	1.65536	1.32075
3.16668	1.92924	1.34389
3.40271	1.67234	1.34389
3.40271	1.65536	1.49113
3.15598	1.92924	1.61777
3.3186	1.65536	1.61777
3.18192	1.92924	1.89165
3.25253	1.65536	1.89165
3.20064	1.92924	2.16554
3.26564	1.65536	2.16554
3.12883	1.92924	2.35423
3.18379	1.65536	2.43942
3.12883	2.08477	2.16554
2.85495	2.20313	2.36761
2.85495	2.15378	2.43942
2.99042	2.20313	2.16554
3.12883	2.20313	1.91827
2.85495	2.47701	1.89446
2.85495	2.34288	2.16554
3.12883	2.20567	1.89165
2.85695	2.47701	1.89165
3.12883	2.20313	1.73024
3.12228	2.20313	1.61777
2.9963	2.47701	1.61777
3.07761	2.20313	1.34389
3.02171	2.47701	1.34389
3.06985	2.20313	1.07
2.96314	2.47701	1.07
3.11693	2.20313	0.796121
2.9733	2.47701	0.796121
3.11586	2.20313	0.522237
2.961	2.47701	0.522237
3.12883	2.20313	0.314819
3.12883	2.2605	0.248354
3.05595	2.47701	0.248354
3.12883	2.47701	0.147921
3.12883	2.58467	-0.0255294
3.02679	2.75089	-0.0255294
2.88718	2.75089	0.248354
2.85495	2.75089	-0.169559
3.12883	2.47701	-0.262637
2.97036	2.47701	-0.299413
2.85495	2.54134	-0.299413
2.85495	2.47701	-0.326293
2.85495	2.20313	-0.409742
3.12883	2.34528	-0.299413
3.12883	2.20313	-0.327898
3.25146	2.20313	-0.299413
3.24478	2.47701	-0.0255294
3.40271	2.35572	-0.0255294
3.40271	2.20313	-0.137731
3.40271	2.01363	-0.0255294
3.33732	1.92924	-0.0255294
3.21455	1.92924	-0.299413
3.40271	2.20313	0.0259574
3.1533	2.20313	0.248354
3.25066	1.92924	0.248354
3.12883	2.17277	0.522237
3.25173	1.92924	0.522237
3.12883	2.17518	0.796121
3.12883	1.68171	0.248354
3.12883	1.73921	0.522237
3.13191	1.65536	-0.0255294
3.44404	2.20313	-0.0255294
2.85495	2.86042	-0.0255294
2.85495	2.83314	0.248354
2.85495	2.75089	0.448819
2.81657	3.02478	0.248354
2.72777	3.02478	0.522237
2.84438	2.75089	0.522237
2.85495	2.75089	0.573992
2.76735	3.02478	0.796121
2.85495	2.8187	0.796121
2.85495	2.75089	0.967699
2.69246	3.02478	1.07
2.84652	2.75089	1.07
2.85495	2.73097	1.07
2.81362	2.75089	1.34389
2.85495	2.72428	1.34389
2.6387	2.75089	1.61777
2.85495	2.58894	1.61777
2.8837	2.75089	0.796121
2.85495	2.72589	0.522237
3.12883	2.06391	1.07
3.12883	2.02567	1.34389
3.12883	2.09226	1.61777
2.85495	2.48196	1.89165
3.12977	2.20313	1.89165
3.34935	1.38148	2.16554
3.28115	1.38148	2.43942
3.40271	1.10759	2.37804
3.40271	1.29228	2.16554
3.37851	1.10759	2.43942
3.40271	1.38148	2.00305
3.51197	1.10759	2.16554
3.60692	1.10759	1.89165
3.4887	1.38148	1.89165
3.66336	1.10759	1.61777
3.54674	1.38148	1.61777
3.66229	1.10759	1.34389
3.54567	1.38148	1.34389
3.60371	1.10759	1.07
3.44083	1.38148	1.07
3.40271	1.38148	1.03376
3.43655	1.10759	0.796121
3.40271	1.15453	0.796121
3.40271	1.10759	0.762822
3.40271	1.03471	0.796121
3.30469	0.83371	0.796121
3.18647	0.83371	0.522237
3.16561	1.10759	0.522237
3.40271	0.83371	0.988294
3.40271	0.744779	1.07
3.34614	0.559827	1.07
3.24638	0.559827	0.796121
3.40271	0.559827	1.2135
3.40271	0.362572	1.34389
3.38573	0.285944	1.34389
3.30656	0.285944	1.07
3.40271	0.285944	1.38147
3.40271	0.148333	1.61777
3.32903	0.0120602	1.61777
3.38493	0.0120602	1.34389
3.30843	-0.261823	1.34389
3.26377	-0.261823	1.61777
3.35577	-0.261823	1.07
3.26671	0.0120602	1.07
3.40271	-0.261823	0.998992
3.40271	-0.145075	0.796121
3.22231	0.0120602	0.796121
3.40271	0.00577474	0.522237
3.3983	0.0120602	0.522237
3.40271	0.0120602	0.514347
3.12883	0.285944	0.430631
3.12883	0.259866	0.522237
3.40271	0.16866	0.248354
3.19101	0.285944	0.248354
3.40271	0.285944	0.0104445
3.12883	0.47143	-0.0255294
3.12883	0.350804	0.248354
3.40271	0.289554	-0.0255294
3.12883	0.443346	-0.299413
3.40271	0.339838	-0.299413
3.12883	0.285944	-0.494528
3.40271	0.285944	-0.386205
3.40271	0.156357	-0.573296
3.12883	0.210652	-0.573296
3.12883	0.0359982	-0.84718
3.40271	0.0154035	-0.84718
3.12883	0.0120602	-0.872188
3.40271	0.0120602	-0.854802
3.40271	-0.184125	-1.12106
3.12883	-0.167542	-1.12106
3.12883	-0.261823	-1.24744
3.40271	-0.261823	-1.15998
3.12883	-0.535707	-1.26242
3.40271	-0.535707	-1.22203
3.12883	-0.80959	-1.16934
3.40271	-0.777361	-1.12106
3.2766	-0.80959	-1.12106
3.40271	-0.80959	-1.1113
3.12883	-1.08347	-0.857477
3.12883	-0.849041	-1.12106
3.40271	-0.998821	-0.84718
3.14822	-1.08347	-0.84718
3.40271	-1.08347	-0.741665
3.12883	-1.09163	-0.84718
3.40271	-1.19541	-0.573296
3.12883	-1.33422	-0.573296
3.12883	-1.35736	-0.544544
3.40271	-1.35736	-0.342341
3.40271	-1.39173	-0.299413
3.12883	-1.56451	-0.299413
3.40271	-1.60998	-0.0255294
3.36273	-1.63124	-0.0255294
3.40271	-1.52385	0.248354
3.31512	-1.63124	0.248354
3.40271	-1.49336	0.522237
3.26724	-1.63124	0.522237
3.40271	-1.43479	0.796121
3.17443	-1.63124	0.796121
3.40271	-1.35736	1.02841
3.39643	-1.35736	1.07
3.12883	-1.60115	1.07
3.17978	-1.35736	1.34389
3.40271	-1.08347	1.20387
3.25788	-1.08347	1.34389
3.40271	-1.3492	1.07
3.12883	-1.08347	1.49059
3.40271	-0.820155	1.34389
3.40271	-0.80959	1.35499
3.12883	-0.80959	1.61684
3.40271	-0.535707	1.5061
3.28275	-0.535707	1.61777
3.12883	-0.80491	1.61777
3.41248	-0.80959	1.34389
3.54541	-0.535707	1.34389
3.6766	-0.535707	1.19451
3.65319	-0.80959	1.07
3.6766	-0.800363	1.07
3.6766	-0.80959	1.04339
3.52026	-1.08347	1.07
3.6679	-1.08347	0.796121
3.6766	-1.07184	0.796121
3.6766	-1.08347	0.780742
3.48014	-1.35736	0.796121
3.51384	-1.35736	0.522237
3.6766	-1.24114	0.522237
3.6766	-1.26174	0.248354
3.60318	-1.35736	0.248354
3.6766	-1.25532	-0.0255294
3.59836	-1.35736	-0.0255294
3.6766	-1.22001	-0.299413
3.57135	-1.35736	-0.299413
3.78131	-1.08347	-0.299413
3.80832	-1.08347	-0.0255294
3.6766	-1.15582	-0.573296
3.7321	-1.08347	-0.573296
3.6766	-1.08347	-0.683358
3.6766	-0.952282	-0.84718
3.84737	-0.80959	-0.84718
3.89177	-0.80959	-0.573296
3.6766	-0.80959	-1.03561
3.6766	-0.587461	-1.12106
3.69572	-0.535707	-1.12106
3.79495	-0.535707	-0.84718
3.6766	-0.535707	-1.13912
3.6766	-0.489569	-1.12106
3.6766	-0.261823	-0.882351
3.71364	-0.261823	-0.84718
3.7321	-0.261823	-0.573296
3.80271	-0.535707	-0.573296
3.77676	-0.261823	-0.299413
3.81073	-0.535707	-0.299413
3.78452	-0.261823	-0.0255294
3.85513	-0.535707	-0.0255294
3.77409	-0.261823	0.248354
3.88134	-0.535707	0.248354
3.6766	-0.261823	0.510335
3.6766	-0.271318	0.522237
3.8891	-0.535707	0.522237
3.6766	-0.375897	0.796121
3.80485	-0.535707	0.796121
3.6766	-0.480208	1.07
3.72086	-0.535707	1.07
3.40271	-0.295925	1.07
3.58713	-0.261823	0.796121
3.95048	-0.80959	0.604215
3.95048	-0.739113	0.522237
3.8776	-0.80959	0.796121
3.97816	-0.80959	0.522237
3.95048	-0.80959	0.444807
3.95048	-0.881672	0.522237
3.81795	-1.08347	0.522237
3.81314	-1.08347	0.248354
3.9335	-0.80959	0.248354
3.90755	-0.80959	-0.0255294
3.67138	-0.261823	0.522237
3.6766	-0.154436	0.248354
3.6766	-0.033275	-0.0255294
3.6219	0.0120602	-0.0255294
3.53765	0.0120602	0.248354
3.6766	0.0120602	-0.118473
3.6766	0.0416149	-0.299413
3.50662	0.285944	-0.299413
3.42264	0.285944	-0.0255294
3.70615	0.0120602	-0.299413
3.6766	0.0616748	-0.573296
3.68823	0.0120602	-0.573296
3.6766	0.0120602	-0.625318
3.88134	-0.80959	-0.299413
3.6766	-0.228257	-0.84718
3.41087	0.0120602	-0.84718
3.45661	-0.261823	-1.12106
3.40271	-0.423505	1.34389
2.85495	-1.63124	-0.434081
2.85495	-1.51957	-0.573296
3.07627	-1.35736	-0.573296
2.85495	-1.35736	-0.746747
2.58106	-1.63124	-0.607398
2.58106	-1.41607	-0.84718
2.71948	-1.35736	-0.84718
2.64565	-1.63124	-0.573296
2.58106	-1.35736	-0.920331
2.58106	-1.19648	-1.12106
2.7933	-1.08347	-1.12106
2.85495	-1.08347	-1.08857
2.85495	-1.27698	-0.84718
2.58106	-1.08347	-1.19234
2.58106	-0.80959	-1.33865
2.85495	-0.80959	-1.22738
2.85495	-1.03439	-1.12106
2.58106	-0.665828	-1.39495
2.75344	-0.535707	-1.39495
2.85495	-0.535707	-1.35576
2.58106	-0.535707	-1.46703
2.58106	-0.356104	-1.39495
2.30718	-0.535707	-1.57829
2.30718	-0.261823	-1.49137
2.50256	-0.261823	-1.39495
2.58106	-0.261823	-1.35015
2.30718	0.0120602	-1.3892
2.58106	0.0120602	-1.1795
2.30718	-0.0204368	-1.39495
2.30718	0.285944	-1.18245
2.33994	0.285944	-1.12106
2.58106	0.0678264	-1.12106
2.58106	0.285944	-0.892515
2.35653	0.559827	-1.12106
2.45388	0.559827	-0.84718
2.58106	0.329139	-0.84718
2.58106	0.559827	-0.605526
2.53278	0.83371	-0.84718
2.57611	0.83371	-0.573296
2.58106	0.590719	-0.573296
2.58106	0.83371	-0.560592
2.58106	0.867277	-0.573296
2.70985	1.10759	-0.573296
2.70797	1.10759	-0.299413
2.66464	0.83371	-0.299413
2.85495	0.83371	-0.0590962
2.79651	1.10759	-0.0255294
2.85495	0.865672	-0.0255294
2.85495	1.10759	0.197669
2.85495	1.31715	-0.0255294
2.88504	1.10759	0.248354
3.10489	0.83371	0.248354
2.89038	0.83371	-0.0255294
3.12883	0.83371	0.32632
3.12883	1.10759	0.487333
3.12883	0.559827	0.379278
3.06531	0.559827	0.248354
3.12883	0.352408	0.522237
3.12522	0.285944	0.522237
3.12883	0.285944	0.575864
3.18353	0.559827	0.522237
3.22525	0.285944	0.796121
3.03883	0.559827	-0.0255294
2.90429	0.559827	-0.299413
2.85495	0.60436	-0.299413
2.85495	0.559827	-0.346085
2.85495	1.29682	-0.299413
2.58106	1.10759	-0.716791
2.61516	0.559827	-0.573296
2.85495	0.343047	-0.573296
2.30718	1.10759	-0.780447
2.30718	1.01706	-0.84718
2.30718	0.83371	-1.02839
2.0333	1.10759	-0.862559
2.09896	1.10759	-0.84718
2.05911	0.83371	-1.12106
2.0333	0.837054	-1.12106
2.0333	0.83371	-1.12869
2.0333	0.559827	-1.28542
2.30718	0.71295	-1.12106
2.30718	0.559827	-1.18512
2.05911	0.285944	-1.39495
2.0333	0.335558	-1.39495
2.0333	0.285944	-1.41033
2.0333	0.0120602	-1.51223
2.29046	0.0120602	-1.39495
2.0333	-0.261823	-1.6144
1.75941	0.0120602	-1.62617
1.90558	-0.261823	-1.66883
1.75941	-0.0955942	-1.66883
1.75941	-0.261823	-1.7377
1.75941	-0.535707	-1.7476
2.02781	-0.535707	-1.66883
1.75941	-0.710495	-1.66883
1.75941	-0.80959	-1.6366
2.0333	-0.535707	-1.65399
2.0333	-0.80959	-1.54326
1.75941	-1.08347	-1.50822
2.0333	-1.08347	-1.43253
2.0333	-1.14298	-1.39495
1.75941	-1.25532	-1.39495
1.75941	-1.35736	-1.26777
2.0333	-1.35736	-1.18084
2.0333	-1.4051	-1.12106
1.75941	-1.46715	-1.12106
2.0333	-1.58216	-0.84718
1.75941	-1.58403	-0.84718
1.75941	-1.63124	-0.74006
2.0333	-1.63124	-0.749154
2.0333	-1.70787	-0.573296
1.75941	-1.69155	-0.573296
2.0333	-1.85123	-0.299413
1.75941	-1.8531	-0.299413
1.75941	-1.90512	-0.220912
2.0333	-1.90512	-0.212086
2.0333	-2.01278	-0.0255294
1.75941	-1.99673	-0.0255294
2.0333	-2.13849	0.248354
1.75941	-2.14036	0.248354
1.75941	-2.17901	0.370719
2.0333	-2.17901	0.324715
2.0333	-2.26393	0.522237
1.75941	-2.24788	0.522237
2.0333	-2.37172	0.796121
1.75941	-2.33775	0.796121
2.0333	-2.27703	1.07
1.75941	-2.39178	1.07
2.0333	-2.24654	1.34389
1.75941	-2.38776	1.34389
2.0333	-2.18824	1.61777
1.75941	-2.34497	1.61777
2.0333	-2.17901	1.69146
1.94811	-2.17901	1.89165
1.75941	-2.26901	1.89165
1.75941	-2.17901	2.14588
2.0333	-2.10265	1.89165
2.0333	-2.04193	2.16554
1.75941	-2.17673	2.16554
2.0333	-1.90512	2.35183
1.93928	-1.90512	2.43942
1.75941	-2.07804	2.43942
1.75941	-1.90512	2.55002
2.00829	-1.63124	2.43942
1.75941	-1.63124	2.49332
2.0333	-1.59473	2.43942
2.0333	-1.35736	2.45908
1.75941	-1.35736	2.46737
2.0333	-1.63124	2.41094
2.24874	-1.63124	2.16554
2.30718	-1.54231	2.16554
2.30718	-1.35736	2.32508
2.20675	-1.35736	2.43942
2.30718	-1.63124	2.09881
2.17759	-1.90512	2.16554
2.26265	-1.90512	1.89165
2.30718	-1.85043	1.89165
2.30718	-1.90512	1.64947
2.04092	-2.17901	1.61777
2.30718	-1.90873	1.61777
2.30718	-2.02214	1.34389
2.08853	-2.17901	1.34389
2.30718	-2.12645	1.07
2.20407	-2.17901	1.07
2.30718	-2.17901	0.930789
2.38728	-2.17901	0.796121
2.58106	-2.0529	0.796121
2.58106	-1.96677	1.07
2.58106	-2.13875	0.522237
2.52556	-2.17901	0.522237
2.30718	-2.17901	0.315354
2.30718	-2.15453	0.248354
2.58106	-2.15266	0.248354
2.30718	-1.99299	-0.0255294
2.58106	-2.0093	-0.0255294
2.30718	-1.90512	-0.185072
2.58106	-1.90512	-0.175978
2.30718	-1.8317	-0.299413
2.58106	-1.82983	-0.299413
2.30718	-1.706	-0.573296
2.58106	-1.65866	-0.573296
2.30718	-1.63124	-0.72321
2.85495	-1.95875	-0.0255294
2.85495	-2.05584	0.248354
2.30718	-2.26205	0.522237
2.85495	-1.96972	0.522237
2.30718	-2.22167	0.796121
2.81496	-1.90512	0.796121
2.65421	-1.90512	1.07
2.58106	-1.90512	1.22741
2.51593	-1.90512	1.34389
2.58106	-1.88012	1.34389
2.58106	-1.76725	1.61777
2.33272	-1.90512	1.61777
2.58106	-1.63124	1.76314
2.471	-1.63124	1.89165
2.58106	-1.48721	1.89165
2.73151	-1.63124	1.61777
2.58106	-1.35736	2.03809
2.4472	-1.35736	2.16554
2.58106	-1.08347	2.11432
2.51406	-1.08347	2.16554
2.30718	-1.08347	2.40746
2.58106	-0.943189	2.16554
2.58106	-0.80959	2.21542
2.30718	-0.80959	2.33257
2.58106	-0.535707	2.2986
2.34503	-0.535707	2.43942
2.30718	-0.585321	2.43942
2.30718	-0.535707	2.54199
2.53225	-0.261823	2.43942
2.34342	-0.261823	2.7133
2.30718	-0.417889	2.7133
2.30718	-0.261823	2.75463
2.34476	0.0120602	2.7133
2.30718	0.0120602	2.75597
2.49935	0.285944	2.7133
2.30718	0.285944	2.8889
2.58106	0.0120602	2.4441
2.58106	0.285944	2.62009
2.58106	0.368456	2.7133
2.58521	0.0120602	2.43942
2.76173	0.285944	2.43942
2.58106	-0.0132152	2.43942
2.58106	-0.261823	2.34835
2.80266	-0.261823	2.16554
2.84786	0.0120602	2.16554
2.82352	-0.535707	2.16554
2.58106	0.559827	2.75516
2.30718	0.559827	2.86456
2.58106	0.83371	2.83834
2.30718	0.83371	2.84022
2.58106	1.10759	2.88569
2.30718	1.10759	2.85172
2.30718	1.38148	2.75222
2.0333	1.10759	2.86081
2.05937	1.38148	2.7133
2.0333	1.36931	2.7133
2.0333	1.38148	2.70729
1.75941	1.38148	2.66262
1.75941	1.27837	2.7133
2.0333	1.65536	2.5904
1.75941	1.65536	2.52728
2.0333	1.92924	2.45507
1.88659	1.92924	2.43942
1.75941	1.88792	2.43942
1.75941	1.92924	2.41013
2.0333	1.96067	2.43942
2.0333	2.20313	2.30154
1.75941	2.20313	2.2748
2.0333	2.40894	2.16554
1.75941	2.35411	2.16554
1.75941	2.47701	2.06644
2.0333	2.47701	2.11138
2.0333	2.6962	1.89165
1.75941	2.69513	1.89165
1.75941	2.75089	1.80326
2.0333	2.75089	1.79737
2.0333	2.87272	1.61777
1.75941	2.87486	1.61777
1.75941	3.02478	1.35766
2.0333	3.01956	1.34389
1.99251	3.02478	1.34389
2.0333	3.02478	1.32958
1.75941	3.12655	1.07
1.75941	3.03668	1.34389
2.0333	3.12762	1.07
1.75941	3.19876	0.796121
2.0333	3.17389	0.796121
1.75941	3.18566	0.522237
2.0333	3.16426	0.522237
1.75941	3.12708	0.248354
2.0333	3.14688	0.248354
1.75941	3.02478	0.0200732
2.0333	3.02478	-0.0224536
2.0333	3.02197	-0.0255294
1.75941	3.0102	-0.0255294
1.75941	2.85053	-0.299413
2.0333	2.8762	-0.299413
1.75941	2.75089	-0.479015
2.0333	2.75089	-0.433546
2.0333	2.47701	-0.572093
2.02808	2.47701	-0.573296
1.75941	2.6633	-0.573296
1.75941	2.47701	-0.635749
1.75941	2.20313	-0.682823
2.0333	2.41322	-0.573296
2.0333	2.20313	-0.619166
1.75941	1.92924	-0.730164
2.0333	1.92924	-0.66624
1.75941	1.65536	-0.795426
2.0333	1.65536	-0.713581
2.0333	1.38148	-0.778843
1.81812	1.38148	-0.84718
1.75941	1.40889	-0.84718
1.75941	1.38148	-0.860954
1.75941	1.10759	-0.944403
2.0333	1.14116	-0.84718
1.48553	1.10759	-1.06316
1.48553	1.38148	-0.942798
1.75941	0.943237	-1.12106
1.48553	1.0315	-1.12106
1.48553	0.83371	-1.3111
1.75941	0.83371	-1.22899
1.75941	0.559827	-1.36753
1.67503	0.559827	-1.39495
1.48553	0.691286	-1.39495
1.48553	0.559827	-1.44964
1.48553	0.285944	-1.57
1.75941	0.513422	-1.39495
1.75941	0.285944	-1.50608
1.61485	0.0120602	-1.66883
1.48553	0.0999222	-1.66883
1.48553	0.0120602	-1.70828
1.21165	0.0120602	-1.79066
1.21165	0.277786	-1.66883
1.21165	-0.261823	-1.89256
1.48553	-0.261823	-1.81018
1.21165	-0.535707	-1.88106
1.48553	-0.535707	-1.80537
1.21165	-0.80959	-1.76739
1.48553	-0.80959	-1.71229
1.48553	-0.903871	-1.66883
1.21165	-1.013	-1.66883
1.21165	-1.08347	-1.6136
1.48553	-1.08347	-1.54967
1.48553	-1.27886	-1.39495
1.21165	-1.30239	-1.39495
1.21165	-1.35736	-1.29746
1.48553	-1.35736	-1.29692
1.48553	-1.44201	-1.12106
1.21165	-1.44388	-1.12106
1.48553	-1.56772	-0.84718
1.21165	-1.56959	-0.84718
1.21165	-1.63124	-0.666508
1.48553	-1.63124	-0.712244
1.48553	-1.69343	-0.573296
1.21165	-1.6953	-0.573296
1.48553	-1.85497	-0.299413
1.21165	-1.85685	-0.299413
1.21165	-1.90512	-0.220377
1.48553	-1.90512	-0.211551
1.48553	-2.01652	-0.0255294
1.21165	-2.00047	-0.0255294
1.48553	-2.12404	0.248354
1.21165	-2.12592	0.248354
1.21165	-2.17901	0.371521
1.48553	-2.17901	0.380348
1.48553	-2.23183	0.522237
1.21165	-2.2337	0.522237
1.48553	-2.3217	0.796121
1.21165	-2.30565	0.796121
1.48553	-2.37573	1.07
1.21165	-2.35968	1.07
1.48553	-2.42949	1.34389
1.21165	-2.39579	1.34389
1.48553	-2.37198	1.61777
1.21165	-2.41531	1.61777
1.48553	-2.32892	1.89165
1.21165	-2.33935	1.89165
1.48553	-2.25323	2.16554
1.21165	-2.31314	2.16554
1.48553	-2.17901	2.38312
1.43591	-2.17901	2.43942
1.21165	-2.22113	2.43942
1.21165	-2.17901	2.52889
1.48553	-2.16069	2.43942
1.48553	-1.90512	2.52728
1.25885	-1.90512	2.7133
1.21165	-1.96704	2.7133
1.21165	-1.90512	2.84155
1.46828	-1.63124	2.7133
1.34043	-1.63124	2.98719
1.21165	-1.82876	2.98719
1.21165	-1.63124	3.21012
1.48553	-1.44147	2.98719
1.48553	-1.35736	3.12319
1.26741	-1.35736	3.26107
1.21165	-1.43024	3.26107
1.21165	-1.35736	3.40189
1.47657	-1.08347	3.26107
1.26046	-1.08347	3.53496
1.21165	-1.14753	3.53496
1.21165	-1.08347	3.5934
1.40007	-0.80959	3.53496
1.21165	-0.80959	3.58992
1.21165	-0.655397	3.53496
1.21165	-0.535707	3.49764
1.48553	-0.80959	3.46261
1.48553	-0.535707	3.52814
1.48553	-0.261823	3.35642
1.21165	-0.261823	3.31176
1.48553	-0.110305	3.26107
1.21165	-0.194021	3.26107
1.21165	0.0120602	3.14004
1.48553	0.0120602	3.18471
1.48553	0.285944	3.06756
1.21165	0.285944	3.00471
1.48553	0.524388	2.98719
1.21165	0.325929	2.98719
1.21165	0.559827	2.90575
1.48553	0.559827	2.96887
1.48553	0.83371	2.88836
1.21165	0.83371	2.84343
1.48553	1.10759	2.7894
1.21165	1.10759	2.74473
1.48553	1.22247	2.7133
1.21165	1.15052	2.7133
1.21165	1.38148	2.57275
1.48553	1.38148	2.5995
1.48553	1.65536	2.48235
1.22007	1.65536	2.43942
1.21165	1.65255	2.43942
1.21165	1.65536	2.43742
1.48553	1.79725	2.43942
1.48553	1.92924	2.3652
1.21165	1.92924	2.32027
1.48553	2.20313	2.22986
1.21165	2.20313	2.18493
1.48553	2.29955	2.16554
1.21165	2.24445	2.16554
1.21165	2.47701	2.01295
1.48553	2.47701	2.0397
1.48553	2.6403	1.89165
1.21165	2.62158	1.89165
1.21165	2.75089	1.76822
1.48553	2.75089	1.77651
1.48553	2.87379	1.61777
1.21165	2.87299	1.61777
1.21165	3.02478	1.37692
1.48553	3.02478	1.36729
1.48553	3.03561	1.34389
1.21165	3.03481	1.34389
1.21165	3.16078	1.07
1.48553	3.14367	1.07
1.21165	3.17255	0.796121
1.48553	3.2001	0.796121
1.21165	3.11398	0.522237
1.48553	3.15811	0.522237
1.21165	3.04149	0.248354
1.48553	3.08643	0.248354
1.21165	3.02478	0.226288
1.48553	3.02478	0.123047
1.48553	2.95992	-0.0255294
1.21165	2.90001	-0.0255294
1.21165	2.75424	-0.299413
1.48553	2.82003	-0.299413
1.21165	2.75089	-0.302756
1.48553	2.75089	-0.430604
1.48553	2.67801	-0.573296
1.21165	2.6082	-0.573296
1.21165	2.47701	-0.781517
1.48553	2.47701	-0.717861
1.21165	2.20313	-0.828591
1.48553	2.20313	-0.764935
1.48553	1.92924	-0.812008
1.33455	1.92924	-0.84718
1.21165	2.0698	-0.84718
1.21165	1.92924	-0.875665
1.21165	1.65536	-0.941193
1.48553	1.71246	-0.84718
1.48553	1.65536	-0.859082
1.21165	1.38148	-1.00672
0.937762	1.38148	-1.08857
0.937762	1.65536	-1.00485
1.21165	1.1556	-1.12106
0.937762	1.27997	-1.12106
0.937762	1.10759	-1.24557
1.21165	1.10759	-1.145
1.21165	0.83371	-1.39321
1.20456	0.83371	-1.39495
0.937762	0.957413	-1.39495
0.937762	0.83371	-1.47532
0.937762	0.559827	-1.61387
1.21165	0.815389	-1.39495
1.21165	0.559827	-1.53175
1.21165	0.285944	-1.65211
1.14679	0.285944	-1.66883
0.937762	0.43773	-1.66883
0.937762	0.285944	-1.73423
0.663878	0.285944	-1.81634
0.663878	0.559827	-1.69598
0.780627	0.559827	-1.66883
0.663878	0.615593	-1.66883
0.389995	0.559827	-1.77809
0.389995	0.775804	-1.66883
0.389995	0.83371	-1.63954
0.663878	0.83371	-1.55743
0.389995	1.10759	-1.46435
0.53135	1.10759	-1.39495
0.663878	1.08178	-1.39495
0.663878	1.10759	-1.36405
0.389995	1.38148	-1.23433
0.663878	1.38148	-1.15249
0.389995	1.15213	-1.39495
0.389995	1.65536	-1.15062
0.517174	1.65536	-1.12106
0.663878	1.49395	-1.12106
0.663878	1.65536	-1.08696
0.389995	1.92924	-1.08509
0.663878	1.92924	-1.02143
0.389995	1.7796	-1.12106
0.389995	2.20313	-1.02036
0.663878	2.20313	-0.974359
0.389995	2.28243	-0.84718
0.663878	2.36748	-0.84718
0.389995	2.42205	-0.573296
0.616403	2.47701	-0.573296
0.663878	2.47701	-0.598037
0.389995	2.47701	-0.431139
0.389995	2.53411	-0.299413
0.663878	2.61917	-0.299413
0.663878	2.49774	-0.573296
0.389995	2.67346	-0.0255294
0.657326	2.75089	-0.0255294
0.663878	2.75089	-0.0358268
0.389995	2.75089	0.158085
0.389995	2.80827	0.248354
0.663878	2.87781	0.248354
0.663878	2.75878	-0.0255294
0.389995	2.91552	0.522237
0.663878	3.00913	0.522237
0.389995	3.02357	0.796121
0.402967	3.02478	0.796121
0.663878	3.02478	0.597796
0.389995	3.02478	0.810965
0.389995	3.09873	1.07
0.663878	3.14286	1.07
0.663878	3.08429	0.796121
0.389995	3.03187	1.34389
0.663878	3.03267	1.34389
0.389995	3.02478	1.35151
0.663878	3.02478	1.36007
0.389995	2.81602	1.61777
0.663878	2.83501	1.61777
0.389995	2.75089	1.66979
0.663878	2.75089	1.69654
0.389995	2.47701	1.87842
0.447634	2.47701	1.89165
0.663878	2.51191	1.89165
0.663878	2.47701	1.92335
0.389995	2.20313	2.05039
0.663878	2.20313	2.09533
0.389995	2.45682	1.89165
0.389995	1.92924	2.15471
0.460739	1.92924	2.16554
0.663878	2.04519	2.16554
0.663878	1.92924	2.23067
0.389995	1.65536	2.24698
0.663878	1.65536	2.34086
0.389995	1.85288	2.16554
0.389995	1.38148	2.35718
0.663878	1.38148	2.4334
0.389995	1.19118	2.43942
0.663878	1.3768	2.43942
0.389995	1.10759	2.46737
0.663878	1.10759	2.5789
0.389995	0.83371	2.59522
0.630847	0.83371	2.7133
0.663878	0.876906	2.7133
0.663878	0.83371	2.7244
0.389995	0.559827	2.75329
0.663878	0.559827	2.79796
0.389995	0.627362	2.7133
0.389995	0.285944	2.85225
0.663878	0.285944	2.91511
0.389995	0.0346609	2.98719
0.663878	0.143786	2.98719
0.389995	0.0120602	3.02423
0.663878	0.0120602	3.05044
0.389995	-0.261823	3.124
0.663878	-0.261823	3.19996
0.389995	-0.535707	3.23392
0.458332	-0.535707	3.26107
0.663878	-0.440088	3.26107
0.663878	-0.535707	3.30988
0.389995	-0.80959	3.34385
0.663878	-0.80959	3.43773
0.389995	-0.601904	3.26107
0.389995	-1.08347	3.29357
0.663878	-1.08347	3.45298
0.389995	-1.16839	3.26107
0.50808	-1.35736	3.26107
0.663878	-1.35736	3.35214
0.389995	-1.35736	3.15689
0.389995	-1.62709	2.98719
0.391733	-1.63124	2.98719
0.663878	-1.63124	3.20557
0.663878	-1.54472	3.26107
0.389995	-1.63124	2.98411
0.389995	-1.90512	2.84717
0.663878	-1.90512	2.97582
0.663878	-1.89911	2.98719
0.389995	-2.09783	2.7133
0.600623	-2.17901	2.7133
0.663878	-2.17901	2.71986
0.389995	-2.17901	2.64657
0.389995	-2.33454	2.43942
0.663878	-2.30752	2.43942
0.663878	-2.18529	2.7133
0.389995	-2.34417	2.16554
0.663878	-2.3669	2.16554
0.389995	-2.37065	1.89165
0.663878	-2.39338	1.89165
0.389995	-2.36396	1.61777
0.663878	-2.3998	1.61777
0.389995	-2.32411	1.34389
0.663878	-2.34577	1.34389
0.389995	-2.25162	1.07
0.663878	-2.30966	1.07
0.389995	-2.17901	0.807756
0.392001	-2.17901	0.796121
0.663878	-2.25564	0.796121
0.663878	-2.20161	0.522237
0.554352	-2.17901	0.522237
0.663878	-2.17901	0.427154
0.389995	-1.98362	0.248354
0.663878	-2.11201	0.248354
0.389995	-2.08954	0.522237
0.389995	-1.90512	0.085067
0.466356	-1.90512	-0.0255294
0.663878	-2.00422	-0.0255294
0.663878	-1.90512	-0.219842
0.389995	-1.73863	-0.299413
0.663878	-1.86032	-0.299413
0.389995	-1.84454	-0.0255294
0.389995	-1.63124	-0.51432
0.441482	-1.63124	-0.573296
0.663878	-1.69878	-0.573296
0.663878	-1.63124	-0.68416
0.389995	-1.37809	-0.84718
0.663878	-1.55515	-0.84718
0.389995	-1.58323	-0.573296
0.389995	-1.35736	-0.88877
0.571202	-1.35736	-1.12106
0.663878	-1.42997	-1.12106
0.663878	-1.35736	-1.24049
0.389995	-1.08347	-1.28836
0.483206	-1.08347	-1.39495
0.663878	-1.25452	-1.39495
0.389995	-1.18926	-1.12106
0.663878	-1.08347	-1.62697
0.389995	-0.80959	-1.66308
0.394943	-0.80959	-1.66883
0.663878	-1.06569	-1.66883
0.389995	-1.00069	-1.39495
0.663878	-0.80959	-1.8503
0.389995	-0.535707	-1.8947
0.663878	-0.535707	-1.90781
0.389995	-0.795281	-1.66883
0.389995	-0.261823	-1.91664
0.561038	-0.261823	-1.94271
0.663878	-0.295925	-1.94271
0.663878	-0.261823	-1.94766
0.663878	-0.0998737	-1.94271
0.937762	-0.246177	-1.94271
0.937762	-0.261823	-1.94552
0.663878	0.0120602	-1.91262
0.937762	0.0120602	-1.85432
1.03953	-0.261823	-1.94271
0.937762	-0.386863	-1.94271
0.389995	0.0120602	-1.92814
0.389995	0.285944	-1.87973
0.116112	0.0120602	-1.90754
0.116112	0.285944	-1.8594
0.116112	0.559827	-1.82891
-0.157772	0.285944	-1.8388
-0.157772	0.559827	-1.79654
-0.157772	0.83371	-1.72968
0.116112	0.83371	-1.72165
-0.157772	1.07804	-1.66883
0.116112	0.953668	-1.66883
-0.157772	1.10759	-1.64703
0.116112	1.10759	-1.54647
-0.157772	1.38148	-1.39856
-0.147742	1.38148	-1.39495
0.116112	1.25831	-1.39495
0.116112	1.38148	-1.31645
-0.157772	1.65536	-1.29639
0.116112	1.65536	-1.23273
-0.157772	1.38268	-1.39495
-0.157772	1.92924	-1.23086
0.116112	1.92924	-1.1672
-0.157772	1.99598	-1.12106
0.116112	2.06605	-1.12106
-0.157772	2.11232	-0.84718
0.116112	2.19738	-0.84718
-0.157772	2.20313	-0.631737
0.116112	2.20313	-0.826184
-0.157772	2.23027	-0.573296
0.116112	2.32897	-0.573296
-0.157772	2.36374	-0.299413
0.116112	2.44879	-0.299413
-0.157772	2.47701	-0.0430484
0.116112	2.47701	-0.267183
-0.157772	2.49373	-0.0255294
0.116112	2.56354	-0.0255294
-0.157772	2.63976	0.248354
0.116112	2.70021	0.248354
-0.157772	2.75089	0.485194
0.116112	2.75089	0.351996
-0.157772	2.78179	0.522237
0.116112	2.83956	0.522237
-0.157772	2.8861	0.796121
0.116112	2.93023	0.796121
-0.157772	2.94467	1.07
0.116112	3.0217	1.07
-0.157772	2.98533	1.34389
0.116112	3.01288	1.34389
-0.157772	2.75089	1.59811
-0.0731195	2.75089	1.61777
0.116112	2.77911	1.61777
0.116112	2.75089	1.64305
-0.157772	2.47701	1.78855
0.116112	2.47701	1.83348
-0.157772	2.70636	1.61777
-0.157772	2.31105	1.89165
0.116112	2.38407	1.89165
-0.157772	2.20313	1.94555
0.116112	2.20313	2.00386
-0.157772	1.92924	2.03782
0.116112	1.92924	2.09613
-0.157772	1.65536	2.13037
0.0311916	1.65536	2.16554
0.116112	1.69294	2.16554
0.116112	1.65536	2.18867
-0.157772	1.38148	2.22264
0.116112	1.38148	2.28095
-0.157772	1.533	2.16554
-0.157772	1.10759	2.31518
0.116112	1.10759	2.39114
-0.157772	0.83371	2.42511
-0.147475	0.83371	2.43942
0.116112	1.00582	2.43942
0.116112	0.83371	2.51899
-0.157772	0.559827	2.53531
0.116112	0.559827	2.61127
-0.157772	0.820203	2.43942
-0.157772	0.285944	2.64524
0.0146088	0.285944	2.7133
0.116112	0.390121	2.7133
0.116112	0.285944	2.77469
0.116112	0.0120602	2.92019
-0.134101	0.0120602	2.7133
-0.119123	-0.261823	2.7133
-0.0196266	-0.261823	2.98719
0.116112	-0.108967	2.98719
0.116112	-0.261823	3.04777
0.116112	-0.535707	3.14004
-0.0046486	-0.535707	2.98719
0.116112	-0.80959	3.14673
0.0293194	-0.80959	2.98719
-0.10468	-0.80959	2.7133
-0.106552	-0.535707	2.7133
-0.157772	-0.80959	2.58853
-0.157772	-0.535707	2.63266
-0.157772	-0.261823	2.64684
-0.250181	-0.261823	2.43942
-0.235203	-0.535707	2.43942
-0.352085	-0.535707	2.16554
-0.353957	-0.261823	2.16554
-0.431655	-0.535707	1.98353
-0.431655	-0.261823	1.9977
-0.401031	0.0120602	2.16554
-0.431655	0.0120602	2.10202
-0.431655	0.159834	2.16554
-0.431655	0.285944	2.20659
-0.265159	0.0120602	2.43942
-0.313837	0.285944	2.43942
-0.157772	0.0120602	2.66102
-0.383378	0.559827	2.43942
-0.431655	0.559827	2.3414
-0.431655	0.83371	2.34915
-0.569533	0.83371	2.16554
-0.52246	0.559827	2.16554
-0.65325	0.559827	1.89165
-0.700323	0.83371	1.89165
-0.705539	0.559827	1.81235
-0.705539	0.83371	1.88671
-0.705539	0.838391	1.89165
-0.768794	1.10759	1.89165
-0.910015	1.10759	1.61777
-0.856255	0.83371	1.61777
-0.705539	1.10759	2.02151
-0.705539	1.38148	2.10603
-0.858662	1.38148	1.89165
-0.705539	1.65536	2.01375
-0.96966	1.65536	1.89165
-0.979422	1.38148	1.7174
-0.979422	1.65536	1.88243
-0.847963	1.92924	1.89165
-0.979422	1.92924	1.84525
-0.705539	2.01202	1.89165
-0.705539	2.20313	1.81101
-0.979422	2.20313	1.73505
-0.705539	1.92924	1.92121
-0.431655	1.92924	1.99744
-0.431655	2.17143	1.89165
-0.431655	1.65536	2.07206
-0.705539	2.47701	1.70082
-0.966718	2.47701	1.61777
-0.979422	2.46029	1.61777
-0.979422	2.47701	1.60694
-0.705539	2.63227	1.61777
-0.705539	2.75089	1.5267
-0.979422	2.75089	1.42373
-0.705539	2.88503	1.34389
-0.979422	2.81549	1.34389
-0.979422	2.84571	1.07
-0.705539	2.88957	1.07
-0.979422	2.7521	0.796121
-0.705539	2.82191	0.796121
-0.979422	2.75089	0.794917
-0.705539	2.75089	0.661453
-0.705539	2.67534	0.522237
-0.979422	2.63441	0.522237
-0.979422	2.48784	0.248354
-0.705539	2.55498	0.248354
-0.979422	2.47701	0.236987
-0.705539	2.47701	0.103522
-0.705539	2.41563	-0.0255294
-0.979422	2.34154	-0.0255294
-0.979422	2.20313	-0.254345
-0.705539	2.26531	-0.299413
-0.939971	2.20313	-0.299413
-0.705539	2.20313	-0.394496
-0.979422	1.92924	-0.556312
-0.979422	2.15619	-0.299413
-0.705539	2.10938	-0.573296
-0.942913	1.92924	-0.573296
-0.705539	1.92924	-0.8203
-0.979422	1.65536	-0.743537
-0.979422	1.89915	-0.573296
-0.705539	1.8922	-0.84718
-0.841544	1.65536	-0.84718
-0.705539	1.65536	-0.969812
-0.979422	1.38148	-0.881549
-0.979422	1.41585	-0.84718
-0.705539	1.43403	-1.12106
-0.745525	1.38148	-1.12106
-0.705539	1.38148	-1.16105
-0.705539	1.10759	-1.31698
-0.906003	1.10759	-1.12106
-0.979422	0.83371	-1.1886
-0.979422	0.926654	-1.12106
-0.705539	0.976135	-1.39495
-0.791796	0.83371	-1.39495
-0.979422	1.10759	-1.03695
-1.0384	0.83371	-1.12106
-1.16357	0.83371	-0.84718
-1.14485	1.10759	-0.84718
-1.25331	1.10759	-0.722943
-1.21974	0.83371	-0.573296
-1.25331	0.913281	-0.573296
-1.25331	0.83371	-0.425255
-1.10446	0.559827	-0.573296
-1.19914	0.559827	-0.299413
-1.25331	0.688879	-0.299413
-1.21626	0.559827	-0.0255294
-1.25331	0.606767	-0.0255294
-1.25331	0.559827	0.144979
-1.12666	0.285944	-0.0255294
-1.1181	0.285944	0.248354
-1.25331	0.535087	0.248354
-1.14645	0.285944	0.522237
-1.25331	0.463406	0.522237
-1.25331	0.559827	0.707991
-1.15528	0.285944	0.796121
-1.2398	0.559827	0.796121
-1.03037	0.285944	1.07
-1.07852	0.559827	1.07
-0.979422	0.285944	1.17846
-0.979422	0.559827	1.28277
-0.979422	0.762966	1.34389
-0.993731	0.83371	1.34389
-1.15635	0.83371	1.07
-0.979422	0.83371	1.38735
-0.979422	1.10759	1.52215
-1.10473	1.10759	1.34389
-0.979422	1.25697	1.61777
-1.04081	1.38148	1.61777
-1.21573	1.38148	1.34389
-1.25331	1.10759	1.1132
-1.25331	1.38148	1.27823
-1.25331	1.50224	1.34389
-1.32672	1.65536	1.34389
-1.48908	1.65536	1.07
-1.37808	1.38148	1.07
-1.25331	1.65536	1.44325
-1.25331	1.92924	1.60828
-1.40589	1.92924	1.34389
-1.25331	1.9382	1.61777
-1.3072	2.20313	1.61777
-1.42916	2.20313	1.34389
-1.25331	2.20313	1.64117
-1.25331	2.24258	1.61777
-1.52719	1.92924	1.10865
-1.51876	2.20313	1.07
-1.52719	2.16555	1.07
-1.52719	2.20313	1.03269
-1.4297	2.47701	1.07
-1.40616	2.47701	0.796121
-1.52719	2.32977	0.796121
-1.52719	2.25996	0.522237
-1.35989	2.47701	0.522237
-1.52719	2.20313	0.411106
-1.25331	2.47701	0.386499
-1.25331	2.39477	0.248354
-1.4428	2.20313	0.248354
-1.25331	2.20313	0.0345163
-1.52719	1.92924	0.077578
-1.52719	2.092	0.248354
-1.25331	2.1503	-0.0255294
-1.43505	1.92924	-0.0255294
-1.25331	1.92924	-0.267451
-1.52719	1.65536	-0.149499
-1.52719	1.80795	-0.0255294
-1.25331	1.88097	-0.299413
-1.40161	1.65536	-0.299413
-1.25331	1.65536	-0.444245
-1.25331	1.45891	-0.573296
-1.27323	1.38148	-0.573296
-1.50646	1.38148	-0.299413
-1.25331	1.38148	-0.596165
-1.31603	1.10759	-0.573296
-1.14084	1.65536	-0.573296
-1.0055	1.38148	-0.84718
-1.41044	1.10759	-0.299413
-1.52719	1.38148	-0.255148
-1.50486	1.10759	-0.0255294
-1.52719	1.20589	-0.0255294
-1.52719	1.10759	0.0545761
-1.37968	0.83371	-0.0255294
-1.44494	0.83371	0.248354
-1.52719	1.02695	0.248354
-1.44468	0.83371	0.522237
-1.52719	1.01973	0.522237
-1.52719	1.10759	0.674023
-1.3508	0.83371	0.796121
-1.46153	1.10759	0.796121
-1.25331	0.83371	0.918218
-1.25331	1.03712	1.07
-1.26708	1.10759	1.07
-1.52719	1.38148	0.839049
-1.52719	1.28265	0.796121
-1.57252	1.38148	0.796121
-1.68914	1.38148	0.522237
-1.57894	1.10759	0.522237
-1.56102	1.10759	0.248354
-1.6763	1.38148	0.248354
-1.70492	1.65536	0.522237
-1.7544	1.65536	0.248354
-1.60114	1.38148	-0.0255294
-1.6212	1.65536	-0.0255294
-1.62869	1.92924	0.248354
-1.72097	1.92924	0.522237
-1.64126	1.65536	0.796121
-1.63859	1.92924	0.796121
-1.52719	1.65536	1.03403
-1.52719	1.80527	1.07
-1.54016	1.92924	1.07
-1.5859	2.20313	0.796121
-1.57012	2.20313	0.522237
-1.25331	0.629769	0.796121
-1.31014	0.559827	0.522237
-1.26307	0.559827	0.248354
-1.31442	0.83371	-0.299413
-1.20369	1.92924	-0.299413
-1.20102	2.20313	-0.0255294
-1.25331	2.53599	0.522237
-1.01887	2.47701	0.248354
-1.25331	2.63522	0.796121
-1.25331	2.69165	1.07
-1.3853	2.47701	1.34389
-1.25331	2.69941	1.34389
-1.25331	2.47701	1.49541
-1.13174	2.75089	1.34389
-1.20449	2.75089	1.07
-1.02235	2.75089	0.796121
-1.24756	1.92924	1.61777
-1.13281	1.65536	1.61777
-0.943716	0.559827	1.34389
-0.809181	0.559827	1.61777
-0.896642	0.285944	1.34389
-0.73964	0.285944	1.61777
-0.705539	0.285944	1.70777
-0.705539	0.0838743	1.61777
-0.69016	0.0120602	1.61777
-0.558032	0.0120602	1.89165
-0.606176	0.285944	1.89165
-0.705539	0.0120602	1.60319
-0.705539	-0.261823	1.46866
-0.643086	-0.261823	1.61777
-0.705539	-0.535707	1.36435
-0.59628	-0.535707	1.61777
-0.465222	-0.535707	1.89165
-0.4802	-0.261823	1.89165
-0.573545	-0.80959	1.61777
-0.461745	-0.80959	1.89165
-0.431655	-0.80959	1.96962
-0.431655	-1.08347	1.92549
-0.437138	-1.08347	1.89165
-0.431655	-1.31871	1.89165
-0.431655	-1.35736	1.88162
-0.566591	-1.08347	1.61777
-0.459605	-1.35736	1.61777
-0.4802	-1.35736	1.34389
-0.595477	-1.08347	1.34389
-0.46228	-1.35736	1.07
-0.577557	-1.08347	1.07
-0.434464	-1.35736	0.796121
-0.559637	-1.08347	0.796121
-0.431655	-1.35736	0.744902
-0.541717	-1.08347	0.522237
-0.431655	-1.27083	0.522237
-0.431655	-1.17455	0.248354
-0.486084	-1.08347	0.248354
-0.431655	-1.08347	0.00135072
-0.667693	-0.80959	0.248354
-0.620886	-0.80959	-0.0255294
-0.431655	-1.06194	-0.0255294
-0.431655	-0.980634	-0.299413
-0.555892	-0.80959	-0.299413
-0.431655	-0.80959	-0.571825
-0.705539	-0.535707	-0.421243
-0.672239	-0.535707	-0.573296
-0.431655	-0.80491	-0.573296
-0.705539	-0.570076	-0.299413
-0.431655	-0.599764	-0.84718
-0.496248	-0.535707	-0.84718
-0.431655	-0.535707	-0.921134
-0.705539	-0.261823	-0.891178
-0.584244	-0.261823	-1.12106
-0.431655	-0.394619	-1.12106
-0.705539	-0.29967	-0.84718
-0.431655	-0.261823	-1.29585
-0.705539	0.0120602	-1.28141
-0.606443	0.0120602	-1.39495
-0.431655	-0.189207	-1.39495
-0.705539	-0.107898	-1.12106
-0.431655	0.0120602	-1.62029
-0.705539	0.285944	-1.43039
-0.484747	0.285944	-1.66883
-0.431655	0.0822695	-1.66883
-0.705539	0.163579	-1.39495
-0.431655	0.285944	-1.70801
-0.431655	0.442811	-1.66883
-0.157772	0.0120602	-1.85137
-0.403705	0.0120602	-1.66883
-0.157772	-0.254468	-1.66883
0.116112	-0.261823	-1.90353
-0.149882	-0.261823	-1.66883
-0.157772	-0.261823	-1.65987
0.111698	-0.535707	-1.66883
-0.0880975	-0.535707	-1.39495
-0.157772	-0.476196	-1.39495
-0.157772	-0.535707	-1.28515
0.116112	-0.730019	-1.39495
0.116112	-0.80959	-1.29933
-0.0177543	-0.80959	-1.12106
-0.157772	-0.665026	-1.12106
-0.157772	-0.80959	-0.935577
0.116112	-0.935432	-1.12106
0.116112	-1.08347	-0.924611
0.0632873	-1.08347	-0.84718
-0.157772	-0.886754	-0.84718
-0.125275	-1.08347	-0.573296
-0.157772	-1.07532	-0.573296
-0.157772	-1.08347	-0.535985
0.116112	-1.31282	-0.573296
0.116112	-1.35736	-0.525287
-0.0594788	-1.35736	-0.299413
-0.157772	-1.24756	-0.299413
-0.157772	-1.35736	-0.117938
0.116112	-1.51797	-0.299413
0.116112	-1.63124	-0.12195
0.0528562	-1.63124	-0.0255294
-0.157772	-1.38531	-0.0255294
-0.0490477	-1.63124	0.248354
-0.157772	-1.51289	0.248354
-0.157772	-1.63124	0.481984
0.116112	-1.81218	0.248354
0.116112	-1.90512	0.498299
0.0951156	-1.90512	0.522237
-0.157772	-1.6608	0.522237
-0.0161496	-1.90512	0.796121
-0.157772	-1.74505	0.796121
-0.118053	-1.90512	1.07
-0.157772	-1.85096	1.07
-0.157772	-1.90512	1.16803
0.116112	-2.12966	1.07
0.116112	-2.17901	1.2472
0.0670318	-2.17901	1.34389
-0.157772	-1.96945	1.34389
-0.0667003	-2.17901	1.61777
-0.157772	-2.02909	1.61777
-0.0549319	-2.17901	1.89165
-0.157772	-1.98015	1.89165
-0.157772	-1.90512	2.08035
0.0231677	-2.17901	2.16554
-0.100401	-1.90512	2.16554
0.116112	-2.17901	2.32508
0.116112	-2.04006	2.43942
0.0635548	-1.90512	2.43942
0.116112	-1.90512	2.51953
0.116112	-1.63124	2.65379
-0.0292553	-1.63124	2.43942
0.116112	-1.57387	2.7133
0.0368084	-1.35736	2.7133
-0.144265	-1.35736	2.43942
0.116112	-1.35736	2.84797
0.116112	-1.10795	2.98719
0.0991275	-1.08347	2.98719
-0.0576065	-1.08347	2.7133
0.116112	-1.08347	3.01246
0.218684	-1.35736	2.98719
-0.157772	-1.63124	2.24564
-0.157772	-1.35736	2.41013
-0.157772	-1.2711	2.43942
-0.205247	-1.08347	2.43942
-0.325606	-1.08347	2.16554
-0.289766	-1.35736	2.16554
-0.157772	-1.08347	2.51418
-0.220225	-0.80959	2.43942
-0.350212	-0.80959	2.16554
-0.210864	-1.63124	2.16554
-0.324001	-1.63124	1.89165
-0.420823	-1.35736	1.89165
-0.431655	-1.42409	1.61777
-0.344328	-1.63124	1.61777
-0.431655	-1.42703	1.34389
-0.345666	-1.63124	1.34389
-0.431655	-1.43024	1.07
-0.318117	-1.63124	1.07
-0.431655	-1.36471	0.796121
-0.252855	-1.63124	0.796121
-0.36947	-1.35736	0.522237
-0.169407	-1.63124	0.522237
-0.183047	-1.90512	1.34389
-0.209794	-1.90512	1.61777
-0.189466	-1.90512	1.89165
-0.157772	-1.73729	2.16554
0.147539	-1.63124	2.7133
0.256129	-1.90512	2.7133
0.116112	-2.33801	2.16554
0.178832	-2.17901	2.43942
0.116112	-2.33133	1.89165
0.116112	-2.27516	1.61777
0.116112	-2.21899	1.34389
0.22965	-2.17901	1.07
0.116112	-2.04059	0.796121
0.389995	-2.17861	0.796121
0.116112	-1.93468	0.522237
0.290899	-1.90512	0.248354
0.116112	-1.68567	-0.0255294
-0.304209	-1.35736	0.248354
-0.18385	-1.35736	-0.0255294
0.245965	-1.63124	-0.299413
0.15797	-1.35736	-0.573296
-0.420823	-1.08347	-0.0255294
-0.337374	-1.08347	-0.299413
0.116112	-1.12399	-0.84718
0.360975	-1.35736	-0.84718
0.265758	-1.08347	-1.12106
-0.430452	-0.80959	-0.573296
-0.234935	-0.80959	-0.84718
0.199694	-0.80959	-1.39495
0.116112	-0.54119	-1.66883
-0.300999	-0.535707	-1.12106
0.116112	-0.535707	-1.67405
-0.367063	-0.261823	-1.39495
-0.705539	0.559827	-1.52159
-0.431655	0.559827	-1.65907
-0.705539	0.83371	-1.45472
-0.431655	0.83371	-1.61012
-0.627573	1.10759	-1.39495
-0.431655	1.10759	-1.54326
-0.485549	1.38148	-1.39495
-0.431655	1.38148	-1.44082
-0.431655	1.45222	-1.39495
-0.315977	0.83371	-1.66883
-0.386588	0.559827	-1.66883
-0.85893	0.559827	-1.39495
-0.736431	0.285944	-1.39495
-0.857592	0.285944	-1.12106
-0.972869	0.559827	-1.12106
-0.979422	0.559827	-1.06663
-0.933017	0.285944	-0.84718
-0.979422	0.39654	-0.84718
-0.979422	0.285944	-0.702883
-0.817473	0.0120602	-0.84718
-0.893165	0.0120602	-0.573296
-0.979422	0.217339	-0.573296
-0.979422	0.0120602	-0.374972
-0.796878	-0.261823	-0.573296
-0.882466	-0.261823	-0.299413
-0.979422	-0.0530674	-0.299413
-0.910818	-0.261823	-0.0255294
-0.979422	-0.0875703	-0.0255294
-0.920446	-0.261823	0.248354
-0.979422	-0.112444	0.248354
-0.906806	-0.261823	0.522237
-0.979422	-0.0894426	0.522237
-0.905468	-0.261823	0.796121
-0.979422	-0.0865004	0.796121
-0.923388	-0.261823	1.07
-0.979422	0.00844938	1.07
-0.979422	0.0120602	1.07388
-0.773876	-0.261823	1.34389
-0.826834	0.0120602	1.34389
-0.808111	-0.535707	1.07
-0.72707	-0.535707	1.34389
-0.705539	-0.7795	1.07
-0.705539	-0.584252	1.34389
-0.705539	-0.736974	0.796121
-0.809449	-0.535707	0.796121
-0.705539	-0.694447	0.522237
-0.772271	-0.535707	0.522237
-0.705539	-0.727077	0.248354
-0.812658	-0.535707	0.248354
-0.705539	-0.688563	-0.0255294
-0.784307	-0.535707	-0.0255294
-0.719046	-0.535707	-0.299413
-0.656994	-0.80959	0.522237
-0.674914	-0.80959	0.796121
-0.692834	-0.80959	1.07
-0.685078	-0.80959	1.34389
-0.983568	0.0120602	1.07
-1.02075	0.0120602	0.796121
-1.01994	0.0120602	0.522237
-1.0285	0.0120602	0.248354
-1.01861	0.0120602	-0.0255294
-1.00684	0.0120602	-0.299413
-1.10286	0.285944	-0.299413
-0.705539	-0.498395	-0.573296
-0.721453	-0.261823	-0.84718
-1.00844	0.285944	-0.573296
-0.761305	0.0120602	-1.12106
-1.02904	0.559827	-0.84718
-0.979422	0.575474	-1.12106
-0.55937	1.65536	-1.12106
-0.431655	1.65536	-1.28489
-0.431655	1.88765	-1.12106
-0.681868	1.92924	-0.84718
-0.431655	1.92924	-1.02651
-0.431655	2.02727	-0.84718
-0.306883	1.92924	-1.12106
-0.431655	2.1602	-0.573296
-0.431655	2.20313	-0.490249
-0.265694	2.20313	-0.573296
-0.431655	2.30624	-0.299413
-0.431655	2.42365	-0.0255294
-0.431655	2.47701	0.0302369
-0.224504	2.47701	-0.0255294
-0.431655	2.58493	0.248354
-0.431655	2.74514	0.522237
-0.431655	2.75089	0.527988
-0.386855	2.75089	0.522237
-0.431655	2.85855	0.796121
-0.431655	2.91712	1.07
-0.431655	2.9313	1.34389
-0.431655	2.75089	1.55345
-0.431655	2.68737	1.61777
-0.431655	2.47701	1.76207
-0.431655	2.20313	1.88724
-0.374552	2.20313	1.89165
-0.431655	1.38148	2.16433
-0.376156	1.38148	2.16554
-0.431655	1.37332	2.16554
-0.616607	1.10759	2.16554
-0.431655	1.10759	2.25688
-0.470839	0.285944	2.16554
0.354021	-1.08347	3.26107
0.173483	-0.80959	3.26107
0.274852	0.0120602	2.98719
0.311762	0.559827	2.7133
0.282073	1.10759	2.43942
0.198357	3.02478	1.34389
0.119455	3.02478	1.07
0.248373	2.75089	0.248354
0.184716	2.47701	-0.299413
0.143527	2.20313	-0.84718
0.314436	1.92924	-1.12106
0.343055	0.83371	-1.66883
0.937762	-0.535707	-1.92118
0.937762	-0.80959	-1.81313
0.937762	-1.05071	-1.66883
0.937762	-1.08347	-1.65907
0.937762	-1.30266	-1.39495
0.937762	-1.35736	-1.3226
0.937762	-1.44549	-1.12106
0.937762	-1.55327	-0.84718
0.937762	-1.63124	-0.675334
0.937762	-1.6969	-0.573296
0.937762	-1.85872	-0.299413
0.937762	-1.90512	-0.211016
0.937762	-2.00235	-0.0255294
0.937762	-2.10987	0.248354
0.937762	-2.17901	0.399338
0.937762	-2.21766	0.522237
0.937762	-2.27168	0.796121
0.937762	-2.32571	1.07
0.937762	-2.37974	1.34389
0.937762	-2.40916	1.61777
0.937762	-2.38295	1.89165
0.937762	-2.32357	2.16554
0.937762	-2.19171	2.43942
0.937762	-2.17901	2.55537
0.697178	-2.17901	2.7133
0.937762	-2.13394	2.7133
0.937762	-1.98683	2.98719
0.711621	-1.90512	2.98719
0.937762	-1.90512	3.07532
0.937762	-1.68273	3.26107
0.826363	-1.63124	3.26107
0.937762	-1.63124	3.28661
0.937762	-1.35736	3.47544
1.08019	-1.63124	3.26107
1.12271	-1.90512	2.98719
0.937762	-1.14405	3.53496
0.854447	-1.08347	3.53496
0.937762	-1.08347	3.55863
0.937762	-0.833796	3.53496
0.937762	-0.80959	3.51369
0.983364	-0.80959	3.53496
0.937762	-0.535707	3.40376
0.937762	-0.261823	3.26709
0.844015	-0.261823	3.26107
0.937762	-0.231466	3.26107
0.937762	0.0120602	3.09538
0.937762	0.198884	2.98719
0.937762	0.285944	2.96004
1.05638	0.285944	2.98719
0.937762	0.559827	2.86108
0.937762	0.83371	2.78057
0.937762	1.0775	2.7133
0.937762	1.10759	2.6998
1.07537	1.10759	2.7133
0.937762	1.38148	2.52809
0.667489	1.38148	2.43942
0.937762	1.54396	2.43942
0.937762	1.65536	2.39275
0.937762	1.92924	2.2756
0.937762	2.13586	2.16554
0.937762	2.20313	2.14
1.12726	2.20313	2.16554
0.937762	2.47701	1.94983
0.937762	2.56675	1.89165
0.937762	2.75089	1.74147
0.937762	2.854	1.61777
0.937762	3.02478	1.36863
0.937762	3.05166	1.34389
0.937762	3.17763	1.07
0.937762	3.12842	0.796121
0.937762	3.06985	0.522237
0.743716	3.02478	0.522237
0.937762	3.02478	0.384894
0.937762	2.95617	0.248354
1.15267	3.02478	0.248354
0.937762	2.83047	-0.0255294
0.937762	2.75089	-0.199515
0.937762	2.70449	-0.299413
1.20215	2.75089	-0.299413
0.937762	2.56487	-0.573296
0.937762	2.47701	-0.728559
0.937762	2.42151	-0.84718
0.937762	2.20313	-0.892247
1.13181	2.20313	-0.84718
0.937762	1.92924	-0.939589
0.798547	1.38148	-1.12106
1.3086	1.10759	-1.12106
1.53728	1.65536	-0.84718
1.75941	1.10759	2.83433
1.75941	0.83371	2.95121
1.91521	0.83371	2.98719
2.0333	0.885197	2.98719
2.0333	0.83371	2.99615
1.75941	0.559827	3.03199
2.0333	0.559827	3.04563
1.75941	0.722579	2.98719
1.75941	0.285944	3.1125
2.0333	0.285944	3.0796
1.75941	0.0120602	3.22938
2.0333	0.0120602	3.0927
1.75941	-0.029798	3.26107
1.88418	-0.261823	3.26107
2.0333	-0.261823	3.09137
1.75941	-0.261823	3.3829
1.75941	-0.535707	3.327
1.81732	-0.535707	3.26107
1.75941	-0.620894	3.26107
1.75941	-0.80959	3.1034
1.90317	-0.80959	2.98719
2.0333	-0.584786	2.98719
2.0333	-0.535707	3.01514
2.0333	-0.805177	2.7133
2.02995	-0.80959	2.7133
2.0333	-0.80959	2.70033
1.84273	-1.08347	2.7133
1.94838	-1.08347	2.43942
2.0333	-0.97261	2.43942
2.0333	-1.08347	2.36681
2.0333	-1.31951	2.43942
2.1578	-0.80959	2.43942
1.75941	-1.08347	2.96512
1.75941	-1.05419	2.98719
1.75941	-1.22135	2.7133
1.73708	-1.08347	2.98719
1.54985	-1.35736	2.98719
1.6555	-1.35736	2.7133
1.48553	-1.08347	3.19059
1.66272	-0.80959	3.26107
1.48553	-1.04295	3.26107
1.48553	-1.60864	2.7133
2.23938	-0.535707	2.7133
2.05777	-0.535707	2.98719
2.12463	-0.261823	2.98719
2.12597	0.0120602	2.98719
2.15459	0.285944	2.98719
2.11527	0.559827	2.98719
2.03744	0.83371	2.98719
1.5651	0.559827	2.98719
1.48553	-1.63124	2.64791
1.74216	-2.17901	2.16554
1.61966	-0.80959	-1.66883
2.23082	2.20313	-0.573296
2.03664	3.02478	-0.0255294
2.64699	-0.80959	2.16554
2.65849	-1.35736	1.89165
2.77671	-1.08347	1.89165
2.30718	-1.53188	-0.84718
2.20086	-1.35736	-1.12106
2.30718	-1.35736	-1.09392
2.30718	-1.33556	-1.12106
2.1011	-1.08347	-1.39495
2.30718	-1.08347	-1.30361
2.30718	-0.900662	-1.39495
2.30718	-0.80959	-1.44991
2.42098	-0.80959	-1.39495
2.85495	0.285944	-0.663298
2.6288	0.285944	-0.84718
2.85495	0.139239	-0.84718
2.98186	0.285944	-0.573296
2.85495	0.0120602	-1.01073
2.64271	0.0120602	-1.12106
2.85495	-0.0755344	-1.12106
2.85495	-0.261823	-1.29879
3.50609	0.285944	1.61777
3.40271	0.285944	1.7848
3.65614	0.559827	1.61777
3.6766	0.559827	1.64519
3.6766	0.499246	1.89165
3.40271	0.356153	1.89165
3.40271	0.559827	2.08624
3.6766	0.559827	1.9739
3.6766	0.83371	2.01964
3.40927	0.83371	2.16554
3.40271	0.825285	2.16554
3.40271	0.83371	2.20713
3.22204	0.559827	2.16554
3.30335	0.83371	2.43942
3.12883	0.576544	2.43942
3.19743	0.83371	2.7133
3.20439	1.10759	2.7133
3.74895	0.559827	1.89165
3.70428	0.83371	1.89165
3.6766	0.581893	1.61777
3.76098	0.83371	1.61777
3.6766	0.83371	1.3911
3.6766	1.0767	1.61777
3.48282	0.559827	1.34389
3.64169	0.83371	1.34389
3.6766	0.943772	1.89165
3.28703	0.285944	1.89165
3.44885	0.83371	1.07
3.12883	1.14089	0.522237
3.1517	1.38148	0.796121
3.40271	1.41611	1.07
3.41007	1.65536	1.34389
3.40271	1.59959	1.61777
3.40271	1.44821	1.89165
